4 0.1033519553072626 0.24208566108007448 0.07821229050279326 0.06703910614525146
4 0.19203910614525127 0.4851024208566105 0.24999999999999983 0.34823091247672217
4 0.7318435754189945 0.6061452513966478 0.3463687150837989 0.6461824953445062
4 0.6585195530726257 0.2746741154562383 0.057262569832402105 0.07635009310986969
4 0.7283519553072629 0.27374301675977647 0.06564245810055866 0.029795158286778443
4 0.47695530726256946 0.2756052141527001 0.04888268156424578 0.03351955307262559
4 0.5216480446927375 0.2709497206703911 0.040502793296089405 0.03910614525139664
4 0.5272346368715084 0.23556797020484171 0.07681564245810049 0.06145251396648043
4 0.4175977653631285 0.4301675977653631 0.2737430167597766 0.28305400372439476
4 0.7304469273743017 0.2551210428305401 0.005586592178770786 0.007448789571694583
