4 0.33685446009389675 0.7504548824044747 0.1666666666666667 0.12507581373407917
4 0.49002347417840375 0.34827144686299616 0.12089201877934272 0.12291933418693983
4 0.4917840375586857 0.6426309050475099 0.15023474178403762 0.10782397735696465
4 0.7759572314259262 0.6071973010127161 0.14095436852070284 0.13449996232296302
4 0.6787684194871975 0.6102685904243123 0.13209046654141424 0.11972831570146197
4 0.5962852614913363 0.6604250470019518 0.08218962362576895 0.11433514832752216
4 0.7931298679886702 0.28475923734401737 0.08688617354724146 0.06256074153770083
4 0.8180802894464927 0.27613016954571384 0.09569220465000243 0.07118980933600433
4 0.12723843552842612 0.42921159282205934 0.05558047244346167 0.13211664454503227
4 0.16718690009716405 0.4346366724289804 0.10629765354812071 0.1582846755901846
4 0.2462153843527112 0.4046391734260027 0.058012118112863116 0.11105457077698368
