0 0.1745011020595402 0.5318151143678347 0.029701522853887816 0.06452016200470019
0 0.23090062298433842 0.514461415621743 0.03237132266097888 0.06185036219760903
0 0.2754529072651702 0.5863235270959435 0.044719146768774996 0.04093693037539595
0 0.31249637958855836 0.5772017110883825 0.024028198263819432 0.06274029546663946
0 0.3969287984878125 0.5827637940198221 0.03337249758863799 0.03915706383733528
0 0.42930012114879135 0.5829862773370798 0.024028198263819363 0.03871209720282018
0 0.41461622220979066 0.5576231791697147 0.04338424686522942 0.02536309816736477
0 0.3698970754410158 0.5669674784945334 0.028700347926228675 0.046721496624093174
0 0.5005504035005335 0.5685248617153366 0.03771092227516092 0.06051546229406355
0 0.5362589759203762 0.5060070495659547 0.05239482121416159 0.051171162969244934
0 0.5829804725444694 0.5422718302789413 0.03637602237161538 0.051616129603760046
0 0.6246960945302669 0.49977751668274223 0.06107167058720755 0.03960203047185047
