0 0.2619794086895911 0.5827137546468402 0.1969490590148699 0.20260223048327133
0 0.1777496224442379 0.4693308550185874 0.21924517890334572 0.09107806691449817
0 0.46883785432156133 0.5102230483271376 0.11767396607806696 0.14684014869888473
0 0.6800316565985131 0.4200743494423792 0.1635048791821562 0.10037174721189586
0 0.42238760455390334 0.32806691449814124 0.11148059944237915 0.10594795539033455
0 0.18022696909851302 0.35037174721189596 0.15483416589219332 0.10966542750929367
0 0.2966622618494424 0.2648698884758364 0.07308172630111522 0.09479553903345725
0 0.03901820980483271 0.2778810408921933 0.07803641960966543 0.07992565055762085
0 0.11767396607806692 0.2555762081784387 0.07184305297397771 0.07249070631970259
0 0.5685510571561339 0.36710037174721194 0.11891263940520445 0.1096654275092937
0 0.7097598164498141 0.3327137546468401 0.11395794609665444 0.07063197026022305
0 0.6478261500929368 0.28810408921933084 0.09166182620817835 0.07063197026022305
0 0.5728864138011153 0.28810408921933084 0.06812703299256498 0.0817843866171004
0 0.8447752091078067 0.3104089219330855 0.09166182620817849 0.07434944237918216
0 0.9376757086431228 0.31226765799256506 0.10157121282527896 0.1152416356877324
0 0.7419653229553904 0.22862453531598514 0.07184305297397757 0.07434944237918216
0 0.644729466775093 0.21189591078066916 0.09290049953531607 0.06319702602230486
0 0.5394422339684015 0.2091078066914498 0.060694993029739804 0.03903345724907062
0 0.8627359723513013 0.22862453531598512 0.07555907295539029 0.059479553903345736
0 0.34930587825278814 0.21003717472118957 0.12634467936802973 0.06319702602230481
0 0.1870396723977695 0.22862453531598512 0.06441101301115243 0.05576208178438659
0 0.12077064939591078 0.15055762081784388 0.043353566449814133 0.052044609665427524
0 0.45211576440520446 0.21561338289962825 0.05945631970260223 0.0408921933085502
0 0.584653810408922 0.19330855018587362 0.02725081319702589 0.06319702602230486
0 0.9407723919609665 0.1970260223048327 0.07060437964684013 0.06691449814126393
