2 0.0649023569023569 0.48024691358024685 0.12323232323232325 0.37283950617283934
2 0.1815622895622896 0.2506172839506172 0.1988148148148148 0.15061728395061727
2 0.20456565656565653 0.4777777777777778 0.10680134680134676 0.25925925925925924
2 0.34833670033670033 0.47407407407407404 0.13144781144781145 0.3358024691358025
2 0.446922558922559 0.46543209876543207 0.10187205387205388 0.2098765432098766
2 0.6457373737373737 0.5876543209876544 0.308902356902357 0.3407407407407407
2 0.946922558922559 0.7888888888888889 0.10615488215488213 0.4222222222222223
2 0.9354208754208755 0.5296296296296297 0.12915824915824914 0.1901234567901234
2 0.603016835016835 0.3074074074074074 0.06572390572390574 0.1209876543209877
2 0.30643771043771045 0.1814814814814815 0.07065319865319865 0.09135802469135804
2 0.39105723905723905 0.25432098765432104 0.09529966329966327 0.1283950617283951
2 0.48964309764309766 0.2851851851851852 0.09201346801346802 0.10617283950617289
2 0.8174410774410774 0.2876543209876543 0.10022895622895618 0.17530864197530868
2 0.9505319865319865 0.31851851851851853 0.09365656565656565 0.1530864197530864
2 0.9086329966329967 0.20123456790123456 0.10515824915824921 0.08641975308641975
2 0.5241481481481481 0.23456790123456792 0.07886868686868695 0.07407407407407408
2 0.478962962962963 0.15308641975308643 0.07065319865319872 0.059259259259259255
2 0.9773198653198654 0.18271604938271604 0.04536026936026943 0.11358024691358025
2 0.8429090909090908 0.16790123456790124 0.04929292929292927 0.06913580246913581
2 0.8774141414141414 0.4345679012345679 0.11173063973063961 0.09382716049382708
2 0.561939393939394 0.1802469135802469 0.07229629629629628 0.05925925925925922
