2 0.20083035658331766 0.6938271604938271 0.3866453594033966 0.35555555555555557
2 0.6099987466315723 0.7061728395061729 0.40916839004825467 0.4839506172839507
2 0.8903991978442063 0.5864197530864197 0.21920160431158733 0.3333333333333334
2 0.6794447577865513 0.4061728395061728 0.21772262956696126 0.16543209876543208
2 0.8866453594033966 0.345679012345679 0.22670928119320677 0.07901234567901234
2 0.8753838440809676 0.2691358024691358 0.2492323118380648 0.059259259259259275
2 0.22898414488939026 0.47654320987654325 0.2477533370934386 0.12345679012345684
2 0.39039919784420635 0.4123456790123457 0.21772262956696117 0.11851851851851855
2 0.6550448079212885 0.291358024691358 0.1839380835996741 0.09382716049382722
2 0.12575358776712414 0.34814814814814815 0.24399949865262893 0.08888888888888889
2 0.13513818386914833 0.24691358024691357 0.2027072758037225 0.12345679012345677
2 0.44858369367675627 0.2654320987654321 0.1764304067180548 0.1259259259259259
