2 0.7407407407407408 0.7222222222222223 0.3703703703703704 0.4123456790123457
2 0.3175925925925926 0.674074074074074 0.1796296296296296 0.3654320987654321
2 0.4925925925925925 0.6382716049382715 0.12222222222222222 0.2888888888888888
2 0.14907407407407408 0.5765432098765433 0.13518518518518519 0.2098765432098766
2 0.0425925925925926 0.6185185185185186 0.0851851851851852 0.35308641975308647
2 0.8416666666666666 0.4506172839506173 0.1648148148148148 0.15061728395061721
2 0.8907407407407407 0.39382716049382716 0.07407407407407404 0.12098765432098774
2 0.9675925925925927 0.4234567901234568 0.05370370370370367 0.10123456790123463
2 0.028703703703703703 0.35802469135802467 0.053703703703703705 0.06913580246913582
2 0.5 0.3901234567901234 0.05925925925925931 0.09382716049382715
2 0.28703703703703703 0.39135802469135805 0.06666666666666668 0.07160493827160494
2 0.37777777777777777 0.3876543209876543 0.05555555555555557 0.05925925925925931
2 0.37129629629629635 0.3345679012345679 0.061111111111111074 0.04197530864197528
