2 0.0925684485006518 0.7555239140876964 0.12255541069100388 0.3690900981266726
2 0.21707953063885255 0.8194048926096204 0.12125162972620593 0.26404137789061977
2 0.3050847457627117 0.7044191312701571 0.1929595827900913 0.1930625128662595
2 0.4054758800521512 0.6036291429355657 0.21382007822685797 0.20157997666918273
2 0.6701434159061277 0.7597826459891579 0.09908735332464147 0.1561535030535923
2 0.8546284224250325 0.6646709668565153 0.003911342894393783 0.017034927605846305
2 0.6492829204693611 0.6391185754477458 0.17209908735332446 0.15899265765456655
2 0.8129074315514992 0.6306011116448225 0.12125162972620601 0.23281067727990112
2 0.8976531942633637 0.6476360392506689 0.04302477183833105 0.17034927605846434
2 0.6786179921773143 0.5525243601180264 0.12385919165580167 0.11072702943800174
2 0.7672750977835725 0.4772867631922047 0.0795306388526727 0.10220956563507862
